50  0.015586137771606445
100  0.04884839057922363
150  0.10235738754272461
200  0.17293405532836914
250  0.26013851165771484
300  0.34690093994140625
350  0.4668459892272949
400  0.5986852645874023
450  0.7868697643280029
500  0.944807767868042
550  1.0956053733825684
600  1.3636555671691895
650  1.4905774593353271
700  1.7940869331359863
750  2.021422863006592
800  2.209836006164551
850  2.5622003078460693
900  2.7662789821624756
950  3.053248882293701
1000  1.049375295639038
1050  1.1848127841949463
1100  1.2034363746643066
1150  1.3371834754943848
1200  1.4166269302368164
1250  1.528658151626587
1300  1.7345662117004395
1350  1.7730493545532227
1400  1.8804521560668945
1450  2.0328190326690674
1500  2.15509295463562
1550  2.261998414993286
1600  2.4554648399353027
1650  2.6735737323760986
1700  2.7106730937957764
1750  2.880492687225342
1800  3.0218570232391357
1850  3.2340166568756104
1900  3.3689544200897217
1950  3.5721018314361572
2000  3.697688579559326
2050  4.005692005157471
2100  4.12366795539856
2150  4.367343425750732
2200  4.514286994934082
2250  4.774430990219116
2300  4.835850715637207
2350  5.329626798629761
2400  5.230358600616455
2450  5.472324371337891
2500  5.749447822570801
2550  6.012187242507935
2600  6.266004323959351
2650  6.4103004932403564
2700  6.877688646316528
2750  6.852861404418945
2800  7.1174702644348145
2850  7.394373893737793
2900  7.626309394836426
2950  7.857218503952026
3000  8.205897808074951
