100  0.010072946548461914
200  0.03784489631652832
300  0.08728837966918945
400  0.15323972702026367
500  0.2529606819152832
100  0.009728193283081055
200  0.037925004959106445
300  0.09427595138549805
400  0.16228485107421875
500  0.24898576736450195
600  0.36888599395751953
700  0.4990272521972656
800  0.6194570064544678
900  0.7833960056304932
1000  0.9812362194061279
1100  1.2100462913513184
1200  1.4353187084197998
1300  1.8037543296813965
1400  1.9507710933685303
1500  2.273331642150879
1600  2.5281734466552734
1700  2.8730573654174805
1800  3.22459077835083
1900  3.678039789199829
2000  4.127509593963623
2100  4.357837915420532
2200  4.981578350067139
2300  5.711839914321899
2400  5.804039716720581
2500  6.489626169204712
2600  6.680783987045288
2700  7.131082534790039
2800  7.4035844802856445
2900  7.998118877410889
3000  8.011711597442627
