
50  5.698204040527344e-05
100  0.00010204315185546875
150  0.0001583099365234375
200  0.00020694732666015625
250  0.0002551078796386719
300  0.00039577484130859375
350  0.0003802776336669922
400  0.0004010200500488281
450  0.00041866302490234375
500  0.0004913806915283203
550  0.0006170272827148438
600  0.0006587505340576172
650  0.000701904296875
700  0.0007712841033935547
750  0.0008854866027832031
800  0.0010333061218261719
850  0.0010025501251220703
900  0.0012083053588867188
950  0.0010485649108886719
1000  0.0011866092681884766
1050  0.001325845718383789
1100  0.001210927963256836
1150  0.0012145042419433594
1200  0.0012927055358886719
1250  0.0016055107116699219
1300  0.0013592243194580078
1350  0.001428842544555664
1400  0.0016613006591796875
1450  0.0017788410186767578
1500  0.0018758773803710938
1550  0.001905202865600586
1600  0.001814126968383789
1650  0.0017464160919189453
1700  0.0017621517181396484
1750  0.0021605491638183594
1800  0.0020380020141601562
1850  0.002132892608642578
1900  0.0024013519287109375
1950  0.002249002456665039
2000  0.002306699752807617
2050  0.0025115013122558594
2100  0.0022704601287841797
2150  0.002397775650024414
2200  0.0024340152740478516
2250  0.0024445056915283203
2300  0.0025489330291748047
2350  0.0026655197143554688
2400  0.002447843551635742
2450  0.002569437026977539
2500  0.002780914306640625
2550  0.002856016159057617
2600  0.003133535385131836
2650  0.002870798110961914
2700  0.0029268264770507812
2750  0.002977609634399414
2800  0.0030715465545654297
2850  0.0028221607208251953
2900  0.0035371780395507812
2950  0.0033609867095947266
3000  0.0034644603729248047
